% N am1 am2 Z1 Z2
53         0.2D+01         0.2D+01         0.1D+01         0.1D+01
% s ni_1[cm^-3] ni_2[cm^-3] Ti_1[eV] Ti_2[eV] Te[eV]
         0.000048 61697640765778.203125          0.000000       4355.580795 1.00000000000000000       6085.100837
         0.000190 61695402143601.695312          0.000000       4351.684701 1.00000000000000000       6097.057137
         0.000425 61690492843297.750000          0.000000       4345.225875 1.00000000000000000       6100.299478
         0.000753 61681752629934.781250          0.000000       4336.229067 1.00000000000000000       6095.403140
         0.001174 61670021718710.835938          0.000000       4324.740061 1.00000000000000000       6082.874838
         0.001687 61654768282127.421875          0.000000       4310.789132 1.00000000000000000       6063.175965
         0.002293 61634451513976.609375          0.000000       4294.396568 1.00000000000000000       6036.737929
         0.002992 61608825717713.031250          0.000000       4275.600505 1.00000000000000000       6003.975617
         0.003784 61577517791928.507812          0.000000       4254.435294 1.00000000000000000       5965.272407
         0.004671 61540039834472.210938          0.000000       4230.932878 1.00000000000000000       5920.986636
         0.005651 61496230063132.539062          0.000000       4205.133134 1.00000000000000000       5871.464964
         0.006728 61444601715674.445312          0.000000       4177.077902 1.00000000000000000       5817.036836
         0.007901 61383818024212.070312          0.000000       4146.811575 1.00000000000000000       5758.017506
         0.009171 61314969668907.921875          0.000000       4114.384002 1.00000000000000000       5694.712129
         0.010540 61238089830633.476562          0.000000       4079.849459 1.00000000000000000       5627.415683
         0.012009 61151177856805.320312          0.000000       4043.266764 1.00000000000000000       5556.414769
         0.013579 61050407473117.085938          0.000000       4004.700211 1.00000000000000000       5481.988705
         0.015251 60936331310498.960938          0.000000       3964.219687 1.00000000000000000       5404.410114
         0.017027 60810641421652.609375          0.000000       3921.900465 1.00000000000000000       5323.945841
         0.018907 60673111211573.281250          0.000000       3877.823545 1.00000000000000000       5240.857191
         0.020894 60522009328307.773438          0.000000       3832.075859 1.00000000000000000       5155.400327
         0.022988 60354588746431.875000          0.000000       3784.749958 1.00000000000000000       5067.826644
         0.025191 60167322783226.492188          0.000000       3735.944002 1.00000000000000000       4978.382696
         0.027503 59956439351894.304688          0.000000       3685.761704 1.00000000000000000       4887.309927
         0.029928 59723812858166.679688          0.000000       3634.311900 1.00000000000000000       4794.844980
         0.032464 59473417561127.203125          0.000000       3581.708272 1.00000000000000000       4701.219518
         0.035115 59205525465417.304688          0.000000       3528.069239 1.00000000000000000       4606.659572
         0.037881 58935147276159.421875          0.000000       3473.517424 1.00000000000000000       4511.385527
         0.040764 58663928635714.726562          0.000000       3418.178974 1.00000000000000000       4415.611983
         0.043765 58370397546371.375000          0.000000       3362.183142 1.00000000000000000       4319.547257
         0.046885 58056260860137.421875          0.000000       3305.661909 1.00000000000000000       4223.392716
         0.050125 57718301015802.203125          0.000000       3248.749223 1.00000000000000000       4127.342941
         0.053487 57349966653821.562500          0.000000       3191.580381 1.00000000000000000       4031.585394
         0.056973 56959847948671.773438          0.000000       3134.291410 1.00000000000000000       3936.299723
         0.060583 56577844727073.789062          0.000000       3077.018457 1.00000000000000000       3841.657688
         0.064319 56210652800875.281250          0.000000       3019.896826 1.00000000000000000       3747.822866
         0.068182 55840566659887.546875          0.000000       2963.060444 1.00000000000000000       3654.950412
         0.072175 55463451358684.414062          0.000000       2906.641520 1.00000000000000000       3563.186922
         0.076299 55054806487953.562500          0.000000       2850.769294 1.00000000000000000       3472.670138
         0.080554 54619051019670.039062          0.000000       2795.569697 1.00000000000000000       3383.529028
         0.084944 54180719173035.250000          0.000000       2741.164805 1.00000000000000000       3295.883704
         0.089471 53707140280422.515625          0.000000       2687.671846 1.00000000000000000       3209.845160
         0.094136 53200693123083.710938          0.000000       2635.202929 1.00000000000000000       3125.515349
         0.098941 52712636604724.109375          0.000000       2583.864333 1.00000000000000000       3042.987372
         0.103890 52281232845480.695312          0.000000       2533.755978 1.00000000000000000       2962.345613
         0.108984 51853558628515.609375          0.000000       2484.971098 1.00000000000000000       2883.665771
         0.114227 51409886165661.156250          0.000000       2437.595433 1.00000000000000000       2807.014486
         0.119622 50952219020000.382812          0.000000       2391.706796 1.00000000000000000       2732.450232
         0.125173 50481747296863.992188          0.000000       2347.374837 1.00000000000000000       2660.023359
         0.130883 49992082523249.765625          0.000000       2304.660783 1.00000000000000000       2589.775953
         0.136756 49485218422172.226562          0.000000       2263.616675 1.00000000000000000       2521.742516
         0.142798 49024459633800.468750          0.000000       2224.285045 1.00000000000000000       2455.949662
         0.149012 48619618856822.632812          0.000000       2186.698598 1.00000000000000000       2392.416482
