         0.000048          0.457941   64607963.753906
         0.000190          0.517133   64579061.176048
         0.000425          0.538484   64531118.845022
         0.000753          0.550664   64464278.258710
         0.001174          0.558540   64378821.319792
         0.001687          0.563110   64274899.484302
         0.002293          0.565616   64152574.552641
         0.002992          0.566964   64012026.500811
         0.003784          0.567510   63853392.768985
         0.004671          0.567556   63676778.577597
         0.005651          0.567000   63482334.849462
         0.006728          0.565971   63270214.077128
         0.007901          0.564932   63040575.259855
         0.009171          0.564227   62793606.602768
         0.010540          0.563297   62529518.687431
         0.012009          0.561777   62248546.401277
         0.013579          0.560085   61950957.315223
         0.015251          0.558929   61637054.065107
         0.017027          0.558163   61307174.386303
         0.018907          0.557395   60961695.605591
         0.020894          0.556387   60601038.323562
         0.022988          0.555058   60225666.222670
         0.025191          0.553331   59836088.450766
         0.027503          0.551767   59432861.842033
         0.029928          0.551005   59016590.320388
         0.032464          0.550827   58587925.610999
         0.035115          0.552050   58147569.484034
         0.037881          0.554572   57696272.652965
         0.040764          0.555834   57234832.440685
         0.043765          0.555962   56764092.568615
         0.046885          0.556180   56284943.335260
         0.050125          0.556070   55798318.409931
         0.053487          0.556305   55305192.697321
         0.056973          0.558982   54806580.040972
         0.060583          0.563768   54303530.668126
         0.064319          0.568017   53797125.297578
         0.068182          0.571099   53288472.555517
         0.072175          0.572878   52778707.796780
         0.076299          0.573768   52268983.308093
         0.080554          0.576206   51760466.112440
         0.084944          0.578244   51254333.453075
         0.089471          0.578784   50751763.492920
         0.094136          0.581821   50253932.116154
         0.098941          0.589004   49762004.943605
         0.103890          0.595695   49277130.454412
         0.108984          0.599231   48800434.348972
         0.114227          0.601894   48333008.669582
         0.119622          0.604504   47875903.757172
         0.125173          0.606685   47430121.685737
         0.130883          0.608402   46996608.936954
         0.136756          0.612853   46576243.519817
         0.142798          0.620464   46169825.959391
         0.149012          0.625786   45778070.086158
