  -0.0000000000000000       -0.0000000000000000        3.1968256794302761        0.0000000000000000        1.0689912213448676        0.0000000000000000        0.0000000000000000     
   3.1690846782087920E-003   2.6032950317892130E-003  -137.76156736225448       -150.68616248727488        1.0690320525543093        2552.1498467155557        807.35316335479865     
   6.3421101965135179E-003   5.2099571502240895E-003  -561.33810632660470       -603.52448845013646        1.0691332342675568        5107.1051043115522        1615.7370164328590     
   9.5186598254964217E-003   7.8197525873766570E-003  -1268.4744612061663       -1359.6045792622742        1.0692947664846100        7664.2058155382983        2425.0704298529308     
   1.2698313932389200E-002   1.0432429186294404E-002  -2259.9637646071046       -2419.9003630466473        1.0694994295746303        10222.934674407828        3235.2658573110962     
   1.5880741164990327E-002   1.3047766343778199E-002  -3536.4895752588222       -3785.2880655761301        1.0697251613208678        12783.037069065658        4046.2488389710011     
   1.9065721401574292E-002   1.5665591875852865E-002  -5098.6772805359169       -5456.5760159585952        1.0699510693098400        15344.510102846525        4857.9633123115937     
   2.2253155385150210E-002   1.8285798583547994E-002  -6947.1496293613891       -7434.5460741889074        1.0701621539008002        17907.524441831778        5670.3760206185916     
   2.5443071643548566E-002   2.0908363096878251E-002  -9082.5856324641391       -9720.0088592691427        1.0703494622370742        20472.367112162938        6483.4813251497180     
   2.8635626991144386E-002   2.3533357932628989E-002  -11505.778152729326       -12313.865180483974        1.0705091773653352        23039.398300861518        7297.3040071914374     
   3.1831066943678571E-002   2.6160930380462227E-002  -14217.656086483836       -15217.137466154674        1.0706434530933755        25608.946534289131        8111.8918953386492     
   3.5029659602945032E-002   2.8791259760169448E-002  -17219.259291046179       -18430.958847265068        1.0707597651771037        28181.209595655448        8927.3019167498769     
   3.8231651993404107E-002   3.1424529314089511E-002  -20511.702083296503       -21956.552806311560        1.0708683094822069        30756.235922800253        9743.5909737879847     
   4.1437244254994440E-002   3.4060906322526473E-002  -24096.133985578828       -25795.205585414777        1.0709789253105770        33333.967238554484        10560.809766255014     
   4.4646573362287015E-002   3.6700524918333831E-002  -27973.698446446531       -29948.229017828948        1.0710994201696309        35914.282059751196        11378.997664376961     
   4.7859703979001432E-002   3.9343472680685408E-002  -32145.492274828775       -34416.917830763581        1.0712350272004683        38497.027137233556        12198.178845818738     
   5.1076637263043970E-002   4.1989791343859620E-002  -36612.545760332679       -39202.523773313384        1.0713880499933186        41082.064098435818        13018.362840307771     
   5.4297335744582710E-002   4.4639490967692680E-002  -41375.831953253408       -44306.256867010743        1.0715581795582922        43669.307111344169        13839.549214363671     
   5.7521744216547495E-002   4.7292562622790593E-002  -46436.282915626114       -49729.293461405701        1.0717435280240073        46258.723145293123        14661.731693802793     
   6.0749804644459331E-002   4.9948988831192274E-002  -51794.807071139439       -55472.788223824136        1.0719417837269962        48850.309057376951        15484.901423628293     
   6.3981466942888476E-002   5.2608752848101376E-002  -57452.307220195784       -61537.890784680807        1.0721509784688001        51444.068961413461        16309.049788027616     
   6.7216696384200164E-002   5.5271846401534902E-002  -63409.698069302773       -67925.765168719256        1.0723698514834543        54039.999140615939        17134.170774629049     
   7.0455474514039482E-002   5.7938272536162488E-002  -69667.914972555431       -74637.602120437718        1.0725979741699023        56638.075347953803        17960.261832936310     
   7.3697793568429787E-002   6.0608042961112094E-002  -76227.909752844484       -81674.618661347879        1.0728356051537973        59238.247844930520        18787.323031757867     
   7.6943650865151467E-002   6.3281174688867903E-002  -83090.643439836436       -89038.053785943834        1.0730833421464774        61840.449725941369        19615.356013466349     
   8.0193044446723552E-002   6.5957686857756007E-002  -90257.078771890912       -96729.162315344191        1.0733418115136948        64444.608329354131        20444.363036045961     
   8.3445969714684654E-002   6.8637597811588097E-002  -97728.172640467979       -104749.20727586871        1.0736115266731827        67050.651027336251        21274.346114294542     
   8.6702416977073121E-002   7.1320922693053984E-002  -105504.86891217581       -113099.45182115253        1.0738928256988112        69658.508456999683        22105.306305049056     
   8.9962370966585520E-002   7.4007672572017569E-002  -113588.09487689899       -121781.15447882631        1.0741858487221376        72268.117455242565        22937.243439153255     
   9.3225812557938381E-002   7.6697855437386955E-002  -121978.76317870611       -130795.57012034103        1.0744905897382531        74879.420882166305        23770.156418843228     
   9.6492720618824732E-002   7.9391477498621951E-002  -130677.77504541646       -140143.95272754077        1.0748069972611247        77492.363411795188        24604.043607931031     
   9.9763073493929641E-002   8.2088544392951907E-002  -139686.02350455819       -149827.55874459015        1.0751350388562944        80106.888423680255        25438.903188452114     
  0.10303685017299155        8.4789062224122386E-002  -149004.39650095621       -159847.65066045779        1.0754747123826573        82722.937858307603        26274.733464411740     
  0.10631403115638588        8.7493038353016930E-002  -158633.77975572788       -170205.50037412372        1.0758260385835647        85340.453156961012        27111.533093008642     
  0.10959459867476351        9.0200481650206207E-002  -168575.05811740321       -180902.39097373682        1.0761890666066800        87959.374728820447        27949.301156368547     
  0.11287853613883665        9.2911402113888542E-002  -178829.11459745120       -191939.61607937946        1.0765638711440559        90579.641464310844        28788.037047820562     
  0.11616582751457392        9.5625810394633554E-002  -189396.82886049288       -203318.47851635361        1.0769505320167680        93201.191744901851        29627.740333779257     
  0.11945645681763684        9.8343717381301862E-002  -200279.07576982395       -215040.28891402681        1.0773491260110668        95823.963735779558        30468.410635621014     
  0.12275040771658775       0.10106513387037712       -211476.72402810710       -227106.36438045706        1.0777597304409490        98447.894806484197        31310.047536214908     
  0.12604766323756672       0.10379007033074222       -222990.63495687352       -239518.02737773224        1.0781824292757491        101072.92074208125        32152.650514220357     
  0.12934820567852812       0.10651853685090960       -234821.66187233781       -252276.60529014567        1.0786173149183464        103698.97546503953        32996.218932849726     
  0.13265201677347593       0.10925054329372695       -246970.65034358425       -265383.43096115178        1.0790644874846449        106325.99118812486        33840.752089042704     
  0.13595907788958961       0.11198609947597284       -259438.43866684005       -278839.84346633649        1.0795240538502824        108953.89861621532        34686.249263961232     
  0.13926937018527552       0.11472521530826642       -272225.85829621670       -292647.18881468585        1.0799961227816968        111582.62751334705        35532.709757544879     
  0.14258287473286765       0.11746790089081856       -285333.73422076413       -306806.82052150124        1.0804807978608428        114212.10753268804        36380.132909177097     
  0.14589957260751615       0.12021416656279935       -298762.88527140726       -321320.10000378633        1.0809781696574450        116842.26918699025        37228.518105081865     
  0.14921944492612108       0.12296402289037173       -312514.12426832283       -336188.39667697297        1.0814883072209813        119473.04493403429        38077.864768912725     
  0.15254247282827210       0.12571748058363671       -326588.25794188201       -351413.08764605480        1.0820112476658938        122104.37051176812        38928.172334212693     
  0.15586863745174873       0.12847455039897809       -340986.08681927109       -366995.55725280294        1.0825469978095024        124736.18505159649        39779.440217278323     
  0.15919791991431231       0.13123524306809220       -355708.40512562229       -382937.19670717919        1.0830955487857648        127368.42971599109        40631.667805731944     
  0.16253030131290466       0.13399956928461837       -370756.00075443526       -399239.40400979860        1.0836568952265020        130001.04563262529        41484.854465979348     
  0.16586576272087830       0.13676753974184572       -386129.65522845997       -415903.58417515177        1.0842310579610681        132633.97119402426        42338.999567523773     
  0.16920428517658187       0.13953916523024359       -401830.14361803402       -432931.14985388500        1.0848181150621661        135267.13810453983        43194.102519023676     
  0.17254584962845043       0.14231445677228410       -417858.23424239806       -450323.52226335462        1.0854182302492041        137900.46733052528        44050.162808505949     
  0.17589043686747646       0.14509342579005871       -434214.68827783031       -468082.13243003201        1.0860316608100316        140533.86718230441        44907.180046743437     
  0.17923802745831052       0.14787608425366350       -450900.25932079949       -486208.42243051191        1.0866587378344652        143167.23474647338        45765.154000320537     
  0.18258860166536148       0.15066244474344903       -467915.69288651220       -504703.84616678796        1.0872998233561972        145800.46044456374        46624.084594537686     
  0.18594213936877133       0.15345252037792237       -485261.72581268987       -523569.86927251396        1.0879552549683056        148433.43469921083        47483.971876957869     
  0.18929861972050915       0.15624632439033898       -502939.08423464122       -542807.96652615955        1.0886252945052084        151066.05442140577        48344.815880627481     
  0.19265802024524659       0.15904386915452556       -520948.47836273775       -562419.61505422136        1.0893101083816215        153698.22543391463        49206.616326863237     
  0.19602031583691124       0.16184516511061303       -539290.59617592371       -582406.28608631727        1.0900097755772211        156329.86152371901        50069.372302512471     
  0.19938547787562680       0.16465021985047706       -557966.09721843910       -602769.43707354134        1.0907243253035730        158960.87957811198        50933.081983557073     
  0.20275347343567310       0.16745903741388909       -576975.60641064961       -623510.50468572229        1.0914538048587792        161591.19021925982        51797.742423676420     
  0.20612426460957584       0.17027161786373715       -596319.70807817148       -644630.89938642760        1.0921983557546839        164220.68658227049        52663.349426815083     
  0.20949780873258600       0.17308795772925573       -615998.94488712994       -666132.00636096089        1.0929582316944204        166849.24152401648        53529.897677106208     
  0.21287406046241708       0.17590805196629844       -636013.82798780408       -688015.19863486325        1.0937337578446349        169476.71482585577        54397.381342564790     
  0.21625297435518195       0.17873189621190283       -656364.85134900559       -710281.85399955383        1.0945252765527389        172102.96279329667        55265.794777224983     
  0.21963450726501546       0.18155948875117600       -677052.50647006463       -732933.37131232605        1.0953330887594344        174727.84867543387        56135.133133788557     
  0.22301862046464913       0.18439083210576737       -698077.29671406362       -755971.18518106034        1.0961573947482337        177351.25365443842        57005.392877433318     
  0.22640528152013056       0.18722593430510501       -719439.75129116978       -779396.77921592130        1.0969982606852831        179973.08456934034        57876.572202871706     
  0.22979446443470689       0.19006480873152889       -741140.42915253120       -803211.68820117903        1.0978556639159109        182593.26765796615        58748.670993928812     
  0.23318614556261894       0.19290747061010691       -763179.89528447588       -827417.47138022853        1.0987295922001545        185211.72913683936        59621.689747652010     
  0.23658029818576654       0.19575393258893667       -785558.68579394417       -852015.67517101031        1.0996201157855847        187828.37842058807        60495.628193982986     
  0.23997688756226793       0.19860420086633959       -808277.27307283925       -877007.79735504882        1.1005274442042472        190443.09340570465        61370.484063574659     
  0.24337586632849514       0.20145827172568539       -831336.03053969622       -902395.25196265976        1.1014519680950552        193055.70749871124        62246.251979955188     
  0.24677717042834610       0.20431612857666748       -854735.19839182519       -928179.33610101498        1.1023942798824529        195665.99992057969        63122.922503442685     
  0.25018071839545886       0.20717774174865747       -878474.87055895699       -954361.21985290828        1.1033551144282969        198273.70407012815        64000.482056705790     
  0.25358641947940408       0.21004307543460277       -902555.04418487044       -980942.00277416967        1.1043351899852067        200878.54352456686        64878.915055477875     
  0.25699418476612124       0.21291209676030473       -926975.69535940653       -1007922.7957974627        1.1053350461161497        203480.27293105022        65758.206768568867     
  0.26040393767034059       0.21578478392025566       -951736.85664028127       -1035304.8011157938        1.1063548667863332        206078.72316602222        66638.345903154943     
  0.26381562364397787       0.21866113326524533       -976838.69480156829       -1063089.3881248741        1.1073943280380276        208673.84365425442        67519.326874991617     
  0.26722921877133926       0.22154116522989911       -1002281.5858251756       -1091278.1634103742        1.1084525471732103        211265.72612302829        68401.151721574759     
  0.27064473203301470       0.22442492519039356       -1028066.1467551434       -1119872.9947439427        1.1095283144155224        213854.56631495999        69283.830371129254     
  0.27406218885825917       0.22731246958053725       -1054193.1249299806       -1148875.8867864057        1.1106206709267963        216440.53652534491        70167.376316316251     
  0.27748160735684307       0.23020384728466439       -1080663.2207490797       -1178288.7977927877        1.1117295016902227        219023.64238386910        71051.800723481691     
  0.28090297578038415       0.23309908327351958       -1107476.9064511873       -1208113.4652231052        1.1128559403605964        221603.60929659836        71937.107197601275     
  0.28432623145453534       0.23599816394630882       -1134634.2436310581       -1238351.2365822392        1.1140023969543367        224179.83856711531        72823.287123961185     
  0.28775124171486299       0.23890102350235862       -1162134.7047633140       -1269002.8997837012        1.1151720924515875        226751.46417656599        73710.315415090590     
  0.29117779725356169       0.24180753872801361       -1189977.0851270207       -1300068.5933350087        1.1163679659410188        229317.56159601777        74598.149081325028     
  0.29460564442892478       0.24471755358213870       -1218159.7330600198       -1331548.0366266479        1.1175912678739155        231877.48137799164        75486.735004825052     
  0.29803453412872905       0.24763091522436781       -1246680.9373309528       -1363440.9052089737        1.1188408462376891        234431.07948678531        76376.021486758400     
  0.30146426898413464       0.25054750824533056       -1275539.3287754513       -1395747.2140091104        1.1201133839223234        236978.76495519272        77265.969017817915     
  0.30489474709286740       0.25346728783528827       -1304734.2793538561       -1428467.7152653683        1.1214044544713511        239521.37351247002        78156.560572264498     
  0.30832600304516233       0.25639031434047216       -1334266.3031589005       -1461604.3382362938        1.1227101507231123        242059.89885128805        79047.811815841807     
  0.31175823146864490       0.25931677737170461       -1364137.3281897653       -1495160.5355648119        1.1240287739602828        244595.14803601522        79939.777741630271     
  0.31519175341607159       0.26224697453749973       -1394350.4760868440       -1529141.1195657980        1.1253617309113784        247127.45210889666        80832.545386195256     
  0.31862695547378683       0.26518126718391932       -1424909.5785227367       -1563551.8110499673        1.1267130187548822        249656.62383579995        81726.219512498370     
  0.32206422985604266       0.26812003417189861       -1455818.6673667759       -1598398.7303705460        1.1280877938092790        252182.11244275095        82620.908183560940     
  0.32550391787442662       0.27106362379696014       -1487081.4610785285       -1633687.8300184277        1.1294903339327387        254703.31290844272        83516.708444093252     
  0.32894625781306064       0.27401230461482462       -1518700.8590555836       -1669424.2761762342        1.1309224787172076        257219.82538256707        84413.692112170625     
  0.33239134605904963       0.27696622526350839       -1550678.5293899875       -1705611.9022698004        1.1323834916763293        259731.49149099644        85311.894951662194     
  0.33583914898010092       0.27992541853356945       -1583014.9523557865       -1742253.1813511502        1.1338708259458696        262238.33452964458        86211.318936415468     
  0.33928954305107623       0.28288983266075124       -1615709.7396846248       -1779349.5437423913        1.1353815792239461        264740.38343539770        87111.942295795394     
  0.34274235403186565       0.28585936641471699       -1648761.9679061642       -1816901.7673251377        1.1369144566768647        267237.37368601334        88013.730258279102     
  0.34619739393835852       0.28883390638465944       -1682170.5129508614       -1854910.4236059850        1.1384708514828161        269728.59849279141        88916.645653003245     
  0.34965449831160805       0.29181336515057549       -1715934.4091657875       -1893376.3647535101        1.1400541684181957        272213.09464970458        89820.659281526314     
  0.35311355406965966       0.29479770868838667       -1750053.1366943133       -1932301.0998573769        1.1416683882816649        274689.94847111264        90725.757340464319     
  0.35657450010162334       0.29778695671299499       -1784526.6522867756       -1971686.8347696192        1.1433167219026803        277158.52990624675        91631.941091951769     
  0.36003731188639776       0.30078116572832442       -1819355.2590476857       -2011536.2810937159        1.1450002697963284        279618.70948485477        92539.221761313136     
  0.36350198505115555       0.30378040919448168       -1854539.4564311837       -2051852.4128429620        1.1467178734263923        282070.82797118550        93447.615033016831     
  0.36696851869688474       0.30678475869620864       -1890079.7782665009       -2092638.2209852461        1.1484672029087621        284515.41365524405        94357.136067839179     
  0.37043690079839003       0.30979427005650384       -1925976.6426297640       -2133896.5210520467        1.1502461136239408        286952.86063092278        95267.795693247303     
  0.37390709442701026       0.31280897323646856       -1962230.2018203463       -2175629.8022408681        1.1520536947580617        289383.19659985689        96179.597653013087     
  0.37737903820292429       0.31582887652946823       -1998840.3350104389       -2217840.2690837849        1.1538907618624765        291806.00280091929        97092.539509319337     
  0.38085265148553721       0.31885397492699780       -2035806.6917949317       -2260529.9455629895        1.1557594277993060        294220.54741368996        98006.615040286983     
  0.38432784190749320       0.32188425874783927       -2073128.7640467405       -2303700.7896839911        1.1576621758957684        296626.02692924213        98921.816467153738     
  0.38780451170231939       0.32491971897545457       -2110805.9490400567       -2347354.7674294314        1.1596010566511616        299021.76923825953        99838.135994428783     
  0.39128256449710191       0.32796035136483020       -2148837.6213829005       -2391493.9130805396        1.1615772104104236        301407.35006006766        100755.56702742373     
  0.39476191055357085       0.33100615857724081       -2187223.1917361314       -2436120.3638503789        1.1635908336841934        303782.59581327724        101674.10499486027     
  0.39824246855383399       0.33405714986129675       -2225962.1299810195       -2481236.3598210053        1.1656416138044654        306147.46775770967        102593.74724640185     
  0.40172416181568232       0.33711333707284580       -2265053.9266237682       -2526844.1887599276        1.1677292136211597        308501.93192657793        103514.49217785975     
  0.40520691643684870       0.34017473340169252       -2304498.0739267515       -2572946.1686549834        1.1698535735503557        310845.87740283110        104436.33869036801     
  0.40869065792587878       0.34324135131145173       -2344294.0285927355       -2619544.6172061171        1.1720150380833909        313179.08220859338        105359.28564780066     
  0.41217530870581931       0.34631320128342025       -2384441.1825730125       -2666641.8320153835        1.1742142778179960        315501.23277370055        106283.33133634763     
  0.41566078569744841       0.34939029025145191       -2424938.8333395198       -2714240.0649423110        1.1764520954666857        317811.97471955873        107208.47306515794     
  0.41914700097021745       0.35247262224893400       -2465786.1888324190       -2762341.5298378593        1.1787292530007902        320110.96099532285        108134.70705517237     
  0.42263386099970146       0.35556019747438422       -2506982.3562582489       -2810948.3857951909        1.1810463763629853        322397.88037230098        109062.02861192366     
  0.42612127044063769       0.35865301519323645       -2548526.3844660362       -2860062.7808022760        1.1834039249623352        324672.46769667475        109990.43244648101     
  0.42960913125600808       0.36175107255172273       -2590417.2525374661       -2909686.8320189123        1.1858022290863446        326934.49548958224        110919.91293888692     
  0.43309734588238263       0.36485436709482605       -2632653.9069377836       -2959822.6651657331        1.1882415420720052        329183.76094386756        111850.46446857658     
  0.43658581706149702       0.36796289645648289       -2675235.2596725435       -3010472.4097239794        1.1907220795745230        331420.07539203844        112782.08156352286     
  0.44007444949500613       0.37107665977114340       -2718160.2088701711       -3061638.2222840535        1.1932440527791999        333643.25590735528        113714.75918298672     
  0.44356314833416105       0.37419565632294188       -2761427.6209307383       -3113322.2651027017        1.1958076772525876        335853.12219979335        114648.49252690221     
  0.44705182066924398       0.37731988686892870       -2805036.3494340731       -3165526.7284074980        1.1984131632291022        338049.49962412671        115583.27713066603     
  0.45054037442231221       0.38044935261855245       -2848985.2220852128       -3218253.8141547614        1.2010607056823386        340232.22178215749        116519.10869115430     
  0.45402871814140822       0.38358405498862108       -2893273.0385007728       -3271505.7321668705        1.2037504736468740        342401.13376766391        117455.98302948191     
  0.45751676151979381       0.38672399598228718       -2937898.5771880844       -3325284.7067973283        1.2064825997187554        344556.09515181638        118393.89602269352     
  0.46100441417962501       0.38986917699096363       -2982860.5803722357       -3379592.9565728400        1.2092571774028713        346696.98133795755        119332.84359372893     
  0.46449158840967603       0.39301960115806328       -3028157.7896661232       -3434432.7350809211        1.2120742627872494        348823.68420808221        120272.82187197797     
  0.46797819681915354       0.39617527116990098       -3073788.9165658285       -3489806.2932836669        1.2149338768299933        350936.11164894345        121213.82713384314     
  0.47146415513746820       0.39933619170459062       -3119752.6796733532       -3545715.9226914649        1.2178360109185944        353034.18684482347        122155.85606290087     
  0.47494938140586435       0.40250236864235595       -3166047.7954605343       -3602163.9426369313        1.2207806330037763        355117.84675132349        123098.90575002025     
  0.47843379663556690       0.40567380962235838       -3212672.9882549136       -3659152.7111786059        1.2237676948926723        357187.04107724683        124042.97381015877     
  0.48191732546074445       0.40885052462057386       -3259627.0005427459       -3716684.6368635553        1.2267971400046436        359241.73102244164        124988.05848251845     
  0.48539989678694306       0.41203252654607553       -3306908.6035939576       -3774762.1913240319        1.2298689082074510        361281.88772404351        125934.15870007443     
  0.48888144186987914       0.41521982949960357       -3354516.5732036978       -3833387.8792250939        1.2329829370461065        363307.49064494879        126881.27400041098     
  0.49236189746453562       0.41841245166926022       -3402449.7343836743       -3892564.2930192244        1.2361391628687446        365318.52737489191        127829.40473011875     
  0.49584120328383735       0.42161041303212976       -3450706.9286963795       -3952294.0727946120        1.2393375251599978        367314.99283353233        128778.55196508250     
  0.49931930354259108       0.42481373680857548       -3499287.0373591916       -4012579.9350655694        1.2425779719580972        369296.88844271924        129728.71759920189     
  0.50279614727514876       0.42802244981129584       -3548188.9879446425       -4073424.6817777576        1.2458604638817272        371264.22059100139        130679.90437168449     
  0.50627168710871440       0.43123658138310633       -3597411.7393176910       -4134831.1825611633        1.2491849803690191        373216.99816643930        131632.11586319347     
  0.50974588053226166       0.43445616465668063       -3646954.3015628443       -4196802.4009436546        1.2525515295771792        375155.22950435994        132585.35651265719     
  0.51321868874891297       0.43768123560973182       -3696815.7218384249       -4259341.3787502777        1.2559601598602643        377078.91901931848        133539.63162175752     
  0.51669007735187011       0.44091183383435906       -3746995.0960061084       -4322451.2533119246        1.2594109705469563        378988.06374627998        134494.94742934837     
  0.52016001623827457       0.44414800262455023       -3797491.5695265154       -4386135.2618823582        1.2629041192264625        380882.65030225168        135451.31112907099     
  0.52362847947795721       0.44738978903478199       -3848304.3376390804       -4450396.7455700170        1.2664398261890393        382762.65304170077        136408.73091430138     
  0.52709544541777875       0.45063724416491086       -3899432.6489486885       -4515239.1578699807        1.2700183762854991        384628.03361142275        137367.21601198206     
  0.53056089598408274       0.45389042268650381       -3950875.7971280687       -4580666.0581475832        1.2736401124781234        386478.74283285660        138326.77664713049     
  0.53402481702075266       0.45714938330877714       -4002633.1277348436       -4646681.1238279445        1.2773054214756761        388314.72479023592        139287.42405789488     
  0.53748719773008935       0.46041418835608716       -4054704.0316871786       -4713288.1448162505        1.2810147125199620        390135.92294058274        140249.17046740951     
  0.54094803090328303       0.46368490402047990       -4107087.9504008591       -4780491.0314859506        1.2847683873285671        391942.28888687235        141212.02903287791     
  0.54440731262230491       0.46696160003537074       -4159784.3729808102       -4848293.8108832994        1.2885668061365456        393733.79252841271        142176.01394968168     
  0.54786504271807657       0.47024434998170039       -4212792.8448674176       -4916700.6358892480        1.2924102555029942        395510.42980211339        143141.14009185269     
  0.55132122309545284       0.47353322951088583       -4266112.9437342910       -4985715.7507993039        1.2962989320913128        397272.22693908092        144107.42310133507     
  0.55477585865177148       0.47682831701095219       -4319744.2947984487       -5055343.5071644336        1.3002329465046942        399019.23829686362        145074.87918103678     
  0.55822895685765062       0.48012969304777192       -4373686.5657009427       -5125588.3540773075        1.3042123516863566        400751.53819236055        146043.52514376346     
  0.56168053055036782       0.48343744297812402       -4427939.5117939077       -5196454.8961671768        1.3082371904430548        402469.20719530486        147013.37846924661     
  0.56513059025008339       0.48675164966069556       -4482502.8568435693       -5267947.7395842997        1.3123075489622387        404172.31541283248        147984.45677553010     
  0.56857915197437192       0.49007240111893158       -4537376.4166264143       -5340071.6573954523        1.3164235957483974        405860.91206800938        148956.77833642825     
  0.57202623186824575       0.49339978563539960       -4592560.0153577728       -5412831.4860100383        1.3205855985519264        407535.01904751686        149930.36170307800     
  0.57547184920947114       0.49673389491012071       -4648053.5342943203       -5486232.1953951614        1.3247939265436484        409194.63091942103        150905.22602562374     
  0.57891602389165153       0.50007482187364394       -4703856.8723404221       -5560278.8432439808        1.3290490312968193        410839.71927035222        151881.39076259371     
  0.58235877516355772       0.50342265964016364       -4759969.9257293949       -5634976.5527315671        1.3333514255019141        412470.23758539557        152858.87556780007     
  0.58580012411640547       0.50677750404805089       -4816392.6286044009       -5710330.5701885819        1.3377016654479355        414086.12524299364        153837.70051604725     
  0.58924009318950898       0.51013945327672772       -4873124.9457236761       -5786346.2587343687        1.3421003382661099        415687.30903186026        154817.88601879476     
  0.59267870223958852       0.51350860407233367       -4930166.8077083556       -5863029.0141437612        1.3465480592910637        417273.70081695274        155799.45208609305     
  0.59611596635868713       0.51688504965492954       -4987518.0732742585       -5940384.2159797959        1.3510454836847205        418845.19536276208        156782.41825533248     
  0.59955190077937071       0.52026888459542275       -5045178.6094803680       -6018417.3380842451        1.3555933108459752        420401.67129519518        157766.80382818240     
  0.60298651872460807       0.52366020278028680       -5103148.2553974148       -6097133.9025057470        1.3601922757744169        421942.99194855057        158752.62757369559     
  0.60641982590071319       0.52705909198777279       -5161426.7273892611       -6176539.3521739263        1.3648431259529621        423469.00984469103        159739.90711551334     
  0.60985182577286912       0.53046563904212762       -5220013.7057988085       -6256639.1681713015        1.3695466026807308        424979.57598595478        160728.65957494342     
  0.61328251839929526       0.53387992858188971       -5278908.8137966711       -6337438.8400643021        1.3743034262871396        426474.54686023755        161718.90137569245     
  0.61671190098144935       0.53730204349885435       -5338111.6252648644       -6418943.8750258647        1.3791142895370947        427953.79054738651        162710.64853801063     
  0.62013996972086927       0.54073206667924345       -5397621.6957457550       -6501159.8386640335        1.3839798548252142        429417.18874235643        163703.91688551242     
  0.62356671567575672       0.54417007674395579       -5457438.4894359885       -6584092.2522274721        1.3889007510097175        430864.63206078782        164698.72137847007     
  0.62699213195194159       0.54761615518191864       -5517561.5032768929       -6667746.7633409658        1.3938776151865371        432296.01119734807        165695.07737658554     
  0.63041620631018425       0.55107037896025846       -5577990.1371190231       -6752128.9673972689        1.3989111238986998        433711.20730241592        166692.99930690968     
  0.63383892130932640       0.55453282068199938       -5638723.6937039867       -6837244.4082585750        1.4040019820457241        435110.09233854566        167692.50045768108     
  0.63726026078429565       0.55800355507453780       -5699761.4920519013       -6923098.7361726509        1.4091508589105359        436492.54408786778        168693.59429062100     
  0.64068020261775205       0.56148265142101694       -5761102.7380834268       -7009697.5207052277        1.4143582849392726        437858.46740442759        169696.29287339863     
  0.64409871568191090       0.56497016995771454       -5822746.4664773634       -7097046.1562845251        1.4196245988049494        439207.81015572359        170700.60658197390     
  0.64751577391661297       0.56846617572947744       -5884691.7922441335       -7185150.2056802148        1.4249499774079273        440540.56359617657        171706.54578567110     
  0.65093133612748177       0.57197071760484997       -5946937.5440377016       -7274014.8702282375        1.4303345034586006        441856.73969973339        172714.11792363052     
  0.65434536289911105       0.57548384540835229       -6009482.5675746836       -7363645.4158760561        1.4357782767155443        443156.35189510160        173723.33043572342     
  0.65775781417845525       0.57900560751647046       -6072325.6818843242       -7454047.1122194175        1.4412814405331682        444439.40890233766        174734.19016382057     
  0.66116864593847180       0.58253604741883447       -6135465.6170994211       -7545225.1424746513        1.4468441156499510        445705.93430547050        175746.70311045123     
  0.66457781270370198       0.58607520613051334       -6198901.0596878808       -7637184.6626889305        1.4524663159291518        446955.98799123883        176760.87443639059     
  0.66798526705795480       0.58962312137058803       -6262630.6425489727       -7729930.7784187077        1.4581479252445608        448189.66866505309        177776.70896346919     
  0.67139096125421915       0.59317982899583144       -6326652.9744482739       -7823468.5801002951        1.4638887737219906        449407.08950102248        178794.21095579831     
  0.67479485097628966       0.59674536690380720       -6390966.7111353045       -7917803.2452957127        1.4696887185788328        450608.35611941275        179813.38444616675     
  0.67819688766908481       0.60031976704106627       -6455570.4109943425       -8012939.8271093220        1.4755476075508740        451793.57442350581        180834.23302781806     
  0.68159701095326164       0.60390304708371345       -6520462.3879137943       -8108883.0261779400        1.4814650656093047        452962.89485532948        181856.75658640597     
  0.68499516719244880       0.60749522923843546       -6585641.0626884867       -8205637.6873023966        1.4874403765131550        454116.55684376409        182880.95653901729     
  0.68839130390477810       0.61109633359255267       -6651104.8582772352       -8303208.6224340172        1.4934724854471626        455254.88147364266        183906.83218696099     
  0.69178535342894265       0.61470636027083092       -6716851.8831956526       -8401600.1213120520        1.4995602487373805        456378.21261237026        184934.38053416432     
  0.69517725829861388       0.61832531651228650       -6782880.4194790786       -8500816.6799912676        1.5057027561346390        457486.84398965695        185963.59959873767     
  0.69856696137648411       0.62195320690239619       -6849188.7341090310       -8600862.7364275865        1.5118993951083051        458580.99616624223        186994.48536947489     
  0.70195440779752638       0.62559003603775021       -6915775.1174953515       -8701742.7424899191        1.5181497210014352        459660.86406560894        188027.03481478535     
  0.70533952246121057       0.62923578431348393       -6982637.4389515426       -8803460.4864849504        1.5244531016264631        460726.69939613243        189061.24412002324     
  0.70872227681135957       0.63289047903934403       -7049774.4656630484       -8906021.0749967638        1.5308084592563707        461778.87348405243        190097.11184197615     
  0.71210261618687598       0.63655411530402695       -7117184.4326173626       -9009428.7309417855        1.5372142862555416        462817.85737875017        191134.63538846551     
  0.71548049378841838       0.64022669185787962       -7184865.7124347631       -9113687.7889537010        1.5436688853747884        463844.15521944652        192173.81147597465     
  0.71885585721954548       0.64390819654876752       -7252816.5475468421       -9218802.2813332845        1.5501707181033879        464858.21019654494        193214.63481971429     
  0.72222865915736811       0.64759861863533252       -7321035.2639106661       -9324776.2836947590        1.5567186521478540        465860.34283108439        194257.09954428193     
  0.72559883613015896       0.65129792646632156       -7389519.8411869118       -9431613.2696151808        1.5633118764622476        466850.76556916494        195301.19626432820     
  0.72896633159282875       0.65500609294589418       -7458268.3773257528       -9539316.8350903150        1.5699494705901724        467829.70614690118        196346.91478727464     
  0.73233107686486321       0.65872307359759508       -7527278.7000256069       -9647890.0596090648        1.5766297735314816        468797.57473608508        197394.24230549592     
  0.73569300752679045       0.66244882264844362       -7596548.6996602211       -9757335.9654599857        1.5833502012982306        469755.03090614412        198443.16595810317     
  0.73905206884445052       0.66618329777435847       -7666076.4438715531       -9867657.6570614595        1.5901079010140411        470702.84038875345        199493.67399125683     
  0.74240821290579262       0.66992645798442518       -7735860.1225145711       -9978858.2606245000        1.5969010307418503        471641.56677685818        200545.75597966358     
  0.74576140405434355       0.67367827337259045       -7805898.1646568906       -10090941.217239818        1.6037297461025624        472571.32880343060        201599.40523390193     
  0.74911163023581817       0.67743874232267598       -7876189.4829785759       -10203910.810288575        1.6105958846035495        473491.86808764911        202654.62031237938     
  0.75245887322041349       0.68120786047757398       -7946732.8559239255       -10317771.249032343        1.6175014969031820        474402.87712731468        203711.40339332333     
  0.75580313485472683       0.68498564887436020       -8017527.4817715446       -10432527.523316247        1.6244472501926834        475304.33974123636        204769.75709804366     
  0.75914442291471196       0.68877213467722698       -8088572.6865951726       -10548184.834801396        1.6314322077460135        476196.55741417169        205829.68635270206     
  0.76248270647454863       0.69256729803582540       -8159866.9717812771       -10664746.965574445        1.6384548657768976        477079.86911175237        206891.19075673490     
  0.76581797011772068       0.69637113351715751       -8231409.1612835685       -10782218.140842862        1.6455143860910229        477954.37628878758        207954.26580300531     
  0.76915016403776448       0.70018359513248218       -8303197.3315487225       -10900601.329414999        1.6526108658796561        478819.91841470852        209018.90119498703     
  0.77247923896793635       0.70400463738608177       -8375229.5528767630       -11019899.494309166        1.6597447076316663        479676.29757377255        210085.08699597322     
  0.77580513766300863       0.70783420546012776       -8447503.7042119950       -11140115.284050195        1.6669160007985602        480523.47533460212        211152.81068236195     
  0.77912781771881146       0.71167226047162158       -8520017.9685442168       -11261251.823855016        1.6741243012815730        481361.67465551011        212222.06390083570     
  0.78244725123562142       0.71551877772558736       -8592770.8324812632       -11383312.673473146        1.6813683353725624        482191.45886670944        213292.84366083401     
  0.78576344810413501       0.71937377167061423       -8665761.6066554803       -11506302.637523375        1.6886456271228025        483013.81304692145        214365.15536849588     
  0.78907645103531820       0.72323728830544343       -8738990.3332326543       -11630227.554809783        1.6959528243006639        483830.02141615888        215439.01486208252     
  0.79238633182980223       0.72710940160220139       -8812457.7181702573       -11755094.209888330        1.7032876736317926        484641.11969599966        216514.44458022440     
  0.79569318328122129       0.73099020994811226       -8886164.9638362359       -11880910.241712041        1.7106516395770097        485447.21997999749        217591.47281533317     
  0.79899710597888840       0.73487983031548121       -8960113.4826865438       -12007683.974508859        1.7180507811825514        486247.24626861559        218670.13043954130     
  0.80229818953848775       0.73877838322030143       -9034304.4780943971       -12135423.940124061        1.7254928702530754        487039.56472163228        219750.44871978759     
  0.80559651533616705       0.74268599385603029       -9108739.0010167640       -12264138.919005152        1.7329824131940221        487823.14075825573        220832.45595468034     
  0.80889213183774655       0.74660275149348065       -9183417.3859336507       -12393836.596808532        1.7405173939516918        488598.32086699404        221916.17523882032     
  0.81218507327786116       0.75052871799417709       -9258339.6614338346       -12524523.817684220        1.7480905001149465        489366.61424981093        223001.62213510546     
  0.81547537251383484       0.75446393725109007       -9333505.8378438484       -12656206.877396524        1.7556944734349689        490129.60133114568        224088.81087769181     
  0.81876307160664474       0.75840845329634876       -9408916.1497518532       -12788892.118512541        1.7633266725824213        490887.99499002210        225177.75797340198     
  0.82204823723575737       0.76236234058983710       -9484571.4159316383       -12922586.957532238        1.7709901244000508        491641.45119400625        226268.48783703643     
  0.82533097431924907       0.76632573147884542       -9560473.3662005067       -13057300.847645598        1.7786917911807711        492388.95074129943        227361.03890840910     
  0.82861144178008894       0.77029884258061299       -9636625.0256970692       -13193046.233897069        1.7864409229027651        493129.07693970070        228455.46806829597     
  0.83188982119291444       0.77428194150916207       -9713030.0075080134       -13329837.482733017        1.7942483356699810        493860.00675201305        229551.84379841940     
  0.83516631246847550       0.77827534253056296       -9789692.4218144268       -13467690.777860761        1.8021240555452429        494579.88522678684        230650.24342780880     
  0.83844110054103405       0.78227935846683583       -9866616.1001847442       -13606622.489860885        1.8100722133667932        495287.84210631333        231750.74243005944     
  0.84171432724898299       0.78629424934962933       -9943803.9242029842       -13746647.381001905        1.8180878733310846        495984.64562547836        232853.40585836212     
  0.84498607644277968       0.79032018865505349       -10021257.452364653       -13887777.372815728        1.8261616570257904        496671.69699382526        233958.27912391050     
  0.84825635134628041       0.79435723913862144       -10098976.354347492       -14030020.616061129        1.8342926112758859        497348.33044198697        235065.38238723314     
  0.85152508735465970       0.79840539632298668       -10176958.679893684       -14173382.935918761        1.8424974524601019        498009.99495512323        236174.71676794242     
  0.85479213959892564       0.80246460512705542       -10255200.529320151       -14317868.365025220        1.8508055603284423        498649.52883282793        237286.27087618629     
  0.85805738206704452       0.80653488990356759       -10333698.404220430       -14463483.761547798        1.8592412838074210        499261.13142554561        238400.04152693608     
  0.86132059218321200       0.81061618346994491       -10412446.425545018       -14610232.718032699        1.8678099872339633        499843.29455313226        239516.01159194461     
  0.86458161168539360       0.81470849083079089       -10491440.193873210       -14758121.409772351        1.8765028837567115        500397.70468223386        240634.17854041851     
  0.86784025983328650       0.81881177042218534       -10570674.704630513       -14907154.336241927        1.8853156734643337        500925.07431724120        241754.53451861956     
  0.87109634728386565       0.82292597703799042       -10650144.677205525       -15057335.849396048        1.8942631608523215        501421.91915805935        242877.07256025015     
  0.87434963860780113       0.82705104939438046       -10729843.631164357       -15208669.692773167        1.9033737179275310        501881.58931851422        244001.77663084943     
  0.87759980299277351       0.83118685422294780       -10809762.650951521       -15361156.920061732        1.9126697644540007        502298.21917518537        245128.60684777520     
  0.88084635301890757       0.83533307679965763       -10889888.828779398       -15514791.761987817        1.9221529137502771        502669.67200191214        246257.48122415438     
  0.88408863619138611       0.83948916927613271       -10970204.983525118       -15669559.529131860        1.9318106539537632        502996.11626842775        247388.26039766337     
  0.88732577612873365       0.84365426678655342       -11050688.121374844       -15825433.247203974        1.9416396671098788        503275.42371657758        248520.73289015112     
  0.89055673262216162       0.84782729944281787       -11131310.836522149       -15982377.582961630        1.9516634912098239        503500.13983663236        249654.63449610097     
  0.89378035958785129       0.85200710857867878       -11212042.692378815       -16140353.054598721        1.9619210526055431        503660.56192314322        250789.67708179631     
  0.89699549472098739       0.85619255074914113       -11292852.433178665       -16299319.905274011        1.9724276806498036        503753.21614778769        251925.57287929871     
  0.90020104775589860       0.86038252685198080       -11373710.209491625       -16459239.228295775        1.9831429598980175        503787.47209469246        253062.04822719301     
  0.90339605827366953       0.86457595820773969       -11454589.079427335       -16620072.086245514        1.9939862477079771        503782.05862996448        254198.84907784383     
  0.90657977481474605       0.86877187827620783       -11535467.083033396       -16781783.071397755        2.0049004196706841        503751.68204481376        255335.75928213465     
  0.90975165481812215       0.87296954964437612       -11616327.336727239       -16944344.950449325        2.0159100929223288        503694.83871916903        256472.61453281957     
  0.91291130842215218       0.87716855089677404       -11697156.688223267       -17107742.266076982        2.0271092460534690        503595.90387982893        257609.30806942194     
  0.91605846278808800       0.88136878520286011       -11777944.868421610       -17271971.968118992        2.0385771362566323        503441.43464042677        258745.78879715857     
  0.91919290369970152       0.88557028377859004       -11858683.037377175       -17437035.976799637        2.0502946034899692        503236.20448157605        259882.02913542525     
  0.92231442893012294       0.88977293335173258       -11939362.603617186       -17602930.518882491        2.0621355895365601        503004.61077539512        261017.98536136051     
  0.92542281360418011       0.89397629116689237       -12019974.330350976       -17769638.638314351        2.0739405419769255        502776.81114116975        262153.56624697812     
  0.92851781419982782       0.89817962089011349       -12100508.430664342       -17937131.322262127        2.0856063653839194        502572.45429386536        263288.63753693452     
  0.93159921603231588       0.90238212035779330       -12180955.802033102       -18105376.365770720        2.0971292702499476        502393.63811929920        264423.05551664683     
  0.93466688317750946       0.90658316819884555       -12261309.349487877       -18274348.252919972        2.1085814295633885        502229.81468663045        265556.70048673573     
  0.93772078967945316       0.91078245679467285       -12341564.841657287       -18444033.711127665        2.1200502471199960        502068.73584953329        266689.50053597492     
  0.94076109348342019       0.91498006942091781       -12421722.910626194       -18614435.143174756        2.1315849092405714        501905.33897239907        267821.44898206426     
  0.94378814167218184       0.91917639164603704       -12501789.268881492       -18785567.370558541        2.1431749552737074        501744.61543184624        268952.60736778600     
  0.94680249879371392       0.92337205065826500       -12581775.541598236       -18957455.424081773        2.1547638706031047        501598.74584633997        270083.10648250463     
  0.94980491139532064       0.92756780270838424       -12661698.411412342       -19130130.126298301        2.1662697113530260        501483.81690111116        271213.13092174003     
  0.95279628227552504       0.93176447523362482       -12741579.004207622       -19303625.813768141        2.1776061012483909        501416.95852096414        272342.90820473759     
  0.95577765209762500       0.93596296826861225       -12821442.458770812       -19477980.462392554        2.1887126255845963        501411.52303590538        273472.69694323343     
  0.95875017140749641       0.94016430848206878       -12901317.228541637       -19653238.014889535        2.1995955473171849        501469.78242105659        274602.78363027185     
  0.96171507622970043       0.94436975433198600       -12981234.465758378       -19829452.916104905        2.2103392140025497        501580.26043903199        275733.49041163630     
  0.96467364656679655       0.94858083701820128       -13061226.930478519       -20006692.059023995        2.2210567565847161        501725.36976760800        276865.17770542530     
  0.96762715650872921       0.95279927881302073       -13141327.651253972       -20185031.582882881        2.2318251184442888        501891.68785585259        277998.23002261319     
  0.97057680447628325       0.95702681276628032       -13221568.020136058       -20364549.384137876        2.2426757782003532        502070.95167892415        279133.02939687204     
  0.97352366643082244       0.96126506713029181       -13301976.481133955       -20545320.192497607        2.2536373240852217        502253.15090789436        280269.93933182786     
  0.97646863082715163       0.96551546968221946       -13382576.695542471       -20727411.371591188        2.2647421971072244        502426.94271105825        281409.28592186939     
  0.97941235388559256       0.96977911698968655       -13463386.234085977       -20910877.099320985        2.2759526524500120        502594.19715395273        282551.33212388586     
  0.98235524922754380       0.97405656409324337       -13544416.194813455       -21095748.951005880        2.2870966203161878        502781.91416176799        283696.24096819182     
  0.98529753832290967       0.97834771542736110       -13625672.498006225       -21282030.643686097        2.2979431947068218        503029.03352454456        284844.05843526800     
  0.98823929112454778       0.98265197146174554       -13707156.933982721       -21469703.824636772        2.3084133125606328        503349.71225899726        285994.73235679459     
  0.99118048459458830       0.98696876787783760       -13788868.728900608       -21658751.251167446        2.3187626470581835        503701.81792312465        287148.18753769260     
  0.99412104687479141       0.99129821654426820       -13870805.738969659       -21849185.076544885        2.3295354838340852        503994.48886330007        288304.41680309887     
  0.99706090239598977       0.99564140678845958       -13952965.692842867       -22041060.838479992        2.3412500482808820        504140.81536104262        289463.53530067852     
   1.0000000000000000        1.0000000000000000       -14035346.979500836       -22234460.379133951        2.3539798637479983        504127.39684454922        290625.74759178975     
